1,2015/2/2,2.299,2.301,2.342,2.293,2719.67,1176367800
2,2015/2/3,2.367,2.329,2.378,2.3,2883.25,1235914900
3,2015/2/4,2.334,2.375,2.404,2.331,2951.5,1244132400
4,2015/2/5,2.316,2.42,2.426,2.313,3685.17,1549461000
5,2015/2/6,2.291,2.311,2.333,2.27,3379.29,1463378000
6,2015/2/9,2.331,2.291,2.359,2.28,3805.05,1639267500
7,2015/2/10,2.369,2.331,2.374,2.321,3307.65,1404951500
8,2015/2/11,2.38,2.371,2.388,2.359,2254.38,949834200
9,2015/2/12,2.384,2.379,2.391,2.351,1727.23,728166800
10,2015/2/13,2.39,2.39,2.429,2.382,2579.4,1073007400
11,2015/2/16,2.394,2.39,2.403,2.379,1568.28,656174100
12,2015/2/17,2.411,2.401,2.429,2.401,1708.55,707313900
13,2015/2/25,2.37,2.411,2.411,2.359,1482.11,621418700
14,2015/2/26,2.45,2.368,2.452,2.348,3073.48,1277919800
15,2015/2/27,2.438,2.447,2.465,2.428,2118.47,864907600
16,2015/3/2,2.441,2.456,2.46,2.424,2743.19,1123464300
17,2015/3/3,2.364,2.427,2.427,2.36,2608.6,1090539800
18,2015/3/4,2.362,2.368,2.381,2.342,2546.66,1077661300
19,2015/3/5,2.334,2.345,2.351,2.312,2726.75,1168613200
20,2015/3/6,2.339,2.335,2.361,2.333,2988.49,1273296600
21,2015/3/9,2.397,2.3,2.41,2.289,3779.93,1616493700
22,2015/3/10,2.359,2.381,2.389,2.355,2701.13,1140339300
23,2015/3/11,2.374,2.363,2.41,2.362,2568.75,1076556800
24,2015/3/12,2.448,2.404,2.472,2.388,3717.29,1531205800
25,2015/3/13,2.455,2.458,2.495,2.44,3013.07,1220491300
26,2015/3/16,2.51,2.472,2.513,2.451,2884.28,1159802100
27,2015/3/17,2.543,2.537,2.549,2.519,2534.65,1000452200
28,2015/3/18,2.611,2.55,2.614,2.55,2938.7,1140666900
29,2015/3/19,2.587,2.604,2.61,2.575,3289.42,1269960000
30,2015/3/20,2.635,2.599,2.668,2.576,3128.23,1194598600
31,2015/3/23,2.676,2.656,2.683,2.647,2705.82,1015276000
32,2015/3/24,2.638,2.676,2.678,2.608,3160.54,1194593500
33,2015/3/25,2.604,2.63,2.649,2.582,2553.96,976579700
34,2015/3/26,2.643,2.59,2.673,2.577,2851.64,1083022800
35,2015/3/27,2.649,2.65,2.673,2.621,1843.61,696578900
36,2015/3/30,2.74,2.674,2.752,2.661,3280.91,1211519100
37,2015/3/31,2.707,2.783,2.815,2.7,3181.43,1151864800
38,2015/4/1,2.753,2.713,2.767,2.71,2557.62,934389600
39,2015/4/2,2.739,2.78,2.784,2.704,2104.26,767612100
40,2015/4/3,2.773,2.726,2.776,2.724,2574.09,935870400
41,2015/4/7,2.842,2.799,2.847,2.788,2897.5,1030475000
42,2015/4/8,2.898,2.855,2.911,2.83,4946.31,1722049800
43,2015/4/9,2.877,2.911,2.978,2.867,4707.14,1618281200
44,2015/4/10,2.936,2.878,2.948,2.867,2907.1,1001361800
45,2015/4/13,2.991,2.99,3.009,2.965,3508.37,1175705400
46,2015/4/14,2.999,2.991,3.024,2.966,4013.98,1341788800
47,2015/4/15,3.011,2.999,3.078,2.987,4551.66,1503258400
48,2015/4/16,3.145,3.023,3.147,2.982,10678.39,3471117200
49,2015/4/17,3.185,3.24,3.246,3.157,9916.76,3099213400
50,2015/4/20,3.103,3.203,3.232,3.09,9929.96,3133739800
51,2015/4/21,3.141,3.11,3.15,3.079,4781.43,1534753700
52,2015/4/22,3.241,3.171,3.248,3.147,11666.6,3647140800
53,2015/4/23,3.212,3.25,3.256,3.185,6102.64,1892025200
54,2015/4/24,3.171,3.172,3.192,3.103,6048.34,1918718600
55,2015/4/27,3.255,3.203,3.26,3.195,5900.28,1827485400
56,2015/4/28,3.228,3.25,3.307,3.199,7649.84,2358123600
57,2015/4/29,3.22,3.22,3.246,3.187,5104.6,1586207800
58,2015/4/30,3.198,3.235,3.249,3.196,3095.43,960557400
59,2015/5/4,3.211,3.2,3.217,3.15,3722,1167304100
60,2015/5/5,3.096,3.209,3.211,3.083,4757.79,1510710800
61,2015/5/6,3.083,3.11,3.188,3.053,5508.7,1761916600
62,2015/5/7,3.045,3.08,3.09,3.04,4706.12,1534672900
63,2015/5/8,3.055,3.071,3.078,2.991,4388.66,1442657700
64,2015/5/11,3.11,3.055,3.116,3.02,4214.21,1374490600
65,2015/5/12,3.129,3.103,3.143,3.079,4551.03,1461961400
66,2015/5/13,3.084,3.129,3.135,3.067,3912.64,1261806500
67,2015/5/14,3.073,3.077,3.099,3.055,4091.69,1329476300
68,2015/5/15,3.006,3.073,3.073,2.995,5569.37,1837572200
69,2015/5/18,2.946,2.98,2.999,2.945,3952.73,1329130000
70,2015/5/19,3.066,2.946,3.073,2.94,5289.67,1743883000
71,2015/5/20,3.066,3.084,3.127,3.051,7524.53,2436702200
72,2015/5/21,3.104,3.089,3.114,3.065,3283.83,1062602500
73,2015/5/22,3.199,3.139,3.201,3.118,7531.59,2373640400
74,2015/5/25,3.303,3.237,3.306,3.216,7608.36,2330479000
75,2015/5/26,3.32,3.328,3.347,3.261,6206.15,1877364400
76,2015/5/27,3.285,3.334,3.351,3.266,6288.46,1903846200
77,2015/5/28,3.079,3.285,3.3,3.05,7262.61,2265428600
78,2015/5/29,3.066,3.081,3.114,2.996,5724.87,1868000800
79,2015/6/1,3.198,3.066,3.21,3.031,4452.01,1419662800
80,2015/6/2,3.209,3.194,3.219,3.149,3932.8,1234532800
81,2015/6/3,3.191,3.205,3.213,3.147,3184.01,1000194200
82,2015/6/4,3.259,3.191,3.277,3.05,6723.99,2103848800
83,2015/6/5,3.254,3.34,3.35,3.188,6086.8,1866872400
84,2015/6/8,3.427,3.28,3.448,3.256,10965.11,3245881000
85,2015/6/9,3.361,3.459,3.465,3.326,11222.74,3311958600
86,2015/6/10,3.32,3.316,3.375,3.291,5814.78,1744912800
87,2015/6/11,3.3,3.334,3.345,3.27,7319.82,2217088600
88,2015/6/12,3.313,3.323,3.338,3.27,5707.14,1725316200
89,2015/6/15,3.216,3.334,3.349,3.21,9284.48,2842011200
90,2015/6/16,3.148,3.199,3.239,3.111,7958.84,2500597200
91,2015/6/17,3.175,3.16,3.19,3.114,7713.55,2449589000
92,2015/6/18,3.042,3.157,3.157,3.03,4819.73,1553765400
93,2015/6/19,2.874,3.025,3.04,2.865,6334.69,2122214800
94,2015/6/23,2.976,2.893,2.989,2.8,7495.84,2573711400
95,2015/6/24,3.018,2.99,3.03,2.92,6764.11,2269673800
96,2015/6/25,2.919,3.048,3.06,2.906,6728.06,2239861400
97,2015/6/26,2.686,2.86,2.931,2.635,11540.76,4091997200
98,2015/6/29,2.66,2.772,2.799,2.481,20741.59,7737936800
99,2015/6/30,2.851,2.66,2.855,2.601,18574.14,6802366400
100,2015/7/1,2.728,2.81,2.85,2.689,12356.22,4433403200
101,2015/7/2,2.684,2.79,2.793,2.58,15877.85,5865295200
102,2015/7/3,2.579,2.657,2.728,2.5,11699.91,4464872000
103,2015/7/6,2.742,2.837,2.837,2.635,24908.83,9146831200
104,2015/7/7,2.79,2.682,2.82,2.607,18190.02,6650103200
105,2015/7/8,2.604,2.6,2.757,2.511,18480.24,7054986400
106,2015/7/9,2.792,2.529,2.856,2.477,10445.63,3893441200
107,2015/7/10,2.905,2.736,3.01,2.71,12076.07,4152573200
108,2015/7/13,2.862,2.84,2.949,2.795,8381.59,2921906000
109,2015/7/14,2.762,2.805,2.839,2.716,6165.3,2216741600
110,2015/7/15,2.749,2.731,2.777,2.665,8041.89,2962960200
111,2015/7/16,2.74,2.75,2.778,2.7,6387.34,2330591000
112,2015/7/17,2.803,2.756,2.835,2.722,4969.88,1791240000
113,2015/7/20,2.777,2.794,2.812,2.758,3810.86,1369040800
114,2015/7/21,2.768,2.731,2.8,2.731,2832.32,1021324900
115,2015/7/22,2.737,2.755,2.77,2.72,2344.99,854165000
116,2015/7/23,2.794,2.737,2.796,2.737,3711.18,1337961100
117,2015/7/24,2.745,2.791,2.805,2.734,3037.61,1092095300
118,2015/7/27,2.494,2.721,2.722,2.49,3624.82,1379427000
119,2015/7/28,2.484,2.444,2.531,2.406,6459.58,2612182200
120,2015/7/29,2.534,2.5,2.54,2.462,2719.35,1093043700
121,2015/7/30,2.469,2.524,2.548,2.46,2294.81,908665300
122,2015/7/31,2.462,2.46,2.496,2.436,2281.14,926730200
123,2015/8/3,2.478,2.44,2.479,2.42,1781.1,728000400
124,2015/8/4,2.54,2.488,2.542,2.467,1723.72,689233500
125,2015/8/5,2.491,2.529,2.535,2.489,1627.67,647448300
126,2015/8/6,2.471,2.466,2.508,2.451,1625.26,654783900
127,2015/8/7,2.504,2.492,2.522,2.48,1758.49,702485400
128,2015/8/10,2.616,2.522,2.63,2.515,1803.58,703325000
129,2015/8/11,2.59,2.618,2.619,2.577,1191.43,458023800
130,2015/8/12,2.564,2.568,2.6,2.556,1411.7,547843100
131,2015/8/13,2.576,2.561,2.585,2.523,1689.24,661136300
132,2015/8/14,2.575,2.585,2.591,2.564,1448.1,561500800
133,2015/8/17,2.548,2.56,2.561,2.524,1229.19,483713500
134,2015/8/18,2.41,2.55,2.571,2.39,2156.18,857814700
135,2015/8/19,2.427,2.397,2.44,2.328,3462.09,1451342700
136,2015/8/20,2.361,2.401,2.42,2.36,1677.43,701199400
137,2015/8/21,2.274,2.333,2.362,2.267,2370.7,1020528200
138,2015/8/24,2.047,2.216,2.216,2.047,2138.47,1018573300
139,2015/8/25,1.886,1.942,2.05,1.869,3904.81,1963701200
140,2015/8/26,1.946,1.939,2.034,1.879,4829.05,2464277200
141,2015/8/27,2.11,1.998,2.12,1.962,3426.77,1705422400
142,2015/8/28,2.168,2.14,2.174,2.097,3812.94,1788366000
143,2015/8/31,2.209,2.137,2.213,2.076,2662.27,1253607600
144,2015/9/1,2.228,2.152,2.244,2.103,3895.55,1786786200
145,2015/9/2,2.236,2.145,2.247,2.142,3908.51,1775174000
146,2015/9/7,2.14,2.216,2.255,2.133,1542.22,701801900
147,2015/9/8,2.177,2.12,2.188,2.085,1884.8,882662700
148,2015/9/9,2.209,2.197,2.228,2.178,1715.41,777486600
149,2015/9/10,2.206,2.182,2.219,2.178,1404.98,638374500
150,2015/9/11,2.193,2.205,2.22,2.184,927.38,420897900
151,2015/9/14,2.223,2.21,2.225,2.122,1892.71,868275400
152,2015/9/15,2.167,2.18,2.189,2.146,1609.69,742104900
153,2015/9/16,2.242,2.169,2.285,2.143,1366.9,623954100
154,2015/9/17,2.198,2.222,2.259,2.196,1616.97,723452300
155,2015/9/18,2.198,2.21,2.225,2.191,1101.09,498441700
156,2015/9/21,2.212,2.19,2.221,2.178,672.3,305409200
157,2015/9/22,2.237,2.21,2.259,2.21,931.66,415724800
158,2015/9/23,2.18,2.194,2.22,2.177,637.23,290194900
159,2015/9/24,2.187,2.192,2.199,2.172,386.86,176907300
160,2015/9/25,2.171,2.184,2.187,2.145,592.02,273127700
161,2015/9/28,2.174,2.168,2.18,2.147,341.67,157721600
162,2015/9/29,2.127,2.152,2.154,2.119,264.3,123856700
163,2015/9/30,2.147,2.139,2.169,2.138,240.54,111796100
164,2015/10/8,2.196,2.241,2.243,2.193,405.57,183101800
165,2015/10/9,2.221,2.205,2.228,2.198,396.92,179145900
166,2015/10/12,2.288,2.235,2.317,2.226,663.82,291581000
167,2015/10/13,2.279,2.267,2.285,2.266,586.54,257545200
168,2015/10/14,2.258,2.263,2.288,2.256,428.09,188263700
169,2015/10/15,2.304,2.261,2.307,2.254,695.45,304426200
170,2015/10/16,2.322,2.31,2.333,2.306,800.25,344854100
171,2015/10/19,2.32,2.323,2.345,2.298,667.01,286968400
172,2015/10/20,2.341,2.313,2.343,2.3,535.53,231423500
173,2015/10/21,2.32,2.337,2.368,2.271,1041.48,448090900
174,2015/10/22,2.333,2.325,2.338,2.3,742.32,320496800
175,2015/10/23,2.35,2.337,2.355,2.32,658.98,281692800
176,2015/10/26,2.35,2.38,2.385,2.331,754.12,318977900
177,2015/10/27,2.348,2.338,2.36,2.303,859.82,368848800
178,2015/10/28,2.308,2.338,2.341,2.305,780.11,335176300
179,2015/10/29,2.311,2.312,2.324,2.295,511.17,221076800
180,2015/10/30,2.31,2.305,2.336,2.298,532.31,229814600
181,2015/11/2,2.283,2.291,2.314,2.281,536.83,233551500
182,2015/11/3,2.272,2.288,2.297,2.264,511.03,224054800
183,2015/11/4,2.386,2.277,2.389,2.277,1463.26,624206900
184,2015/11/5,2.445,2.375,2.515,2.369,1951.57,798096200
185,2015/11/6,2.499,2.441,2.506,2.422,1324.75,537688900
186,2015/11/9,2.532,2.5,2.589,2.497,1819.46,712933600
187,2015/11/10,2.521,2.511,2.554,2.5,1009.27,400171000
188,2015/11/11,2.504,2.517,2.521,2.468,886.82,355086700
189,2015/11/12,2.47,2.51,2.516,2.461,674.77,271888500
190,2015/11/13,2.444,2.45,2.477,2.438,691.88,281752100
191,2015/11/16,2.449,2.404,2.454,2.403,515.32,212102900
192,2015/11/17,2.45,2.46,2.512,2.445,861.45,347478500
193,2015/11/18,2.438,2.451,2.47,2.431,643.88,262823500
194,2015/11/19,2.471,2.441,2.475,2.434,608.49,248218300
195,2015/11/20,2.459,2.469,2.48,2.453,590.23,239285700
196,2015/11/23,2.45,2.458,2.481,2.42,559.2,227301900
197,2015/11/24,2.444,2.445,2.445,2.417,608.21,249898600
198,2015/11/25,2.454,2.435,2.459,2.423,951.28,390308900
199,2015/11/26,2.447,2.47,2.478,2.443,715.69,290801500
200,2015/11/27,2.318,2.435,2.439,2.296,1157.86,490673900
201,2015/11/30,2.329,2.326,2.345,2.285,822.71,354508700
202,2015/12/1,2.339,2.33,2.367,2.309,670.3,287561600
203,2015/12/2,2.462,2.335,2.468,2.332,1583.35,657511700
204,2015/12/3,2.46,2.452,2.476,2.421,1209.81,493260700
205,2015/12/4,2.398,2.434,2.443,2.387,940.9,390429800
206,2015/12/7,2.39,2.397,2.411,2.376,687.34,287467600
207,2015/12/8,2.366,2.375,2.39,2.351,805.51,340155100
208,2015/12/9,2.369,2.361,2.386,2.353,753.12,317774000
209,2015/12/10,2.355,2.372,2.405,2.347,746.65,314262000
210,2015/12/11,2.344,2.342,2.358,2.321,582.67,249044100
211,2015/12/14,2.415,2.323,2.42,2.319,879.49,371982400
212,2015/12/15,2.382,2.403,2.409,2.369,751.85,314791100
213,2015/12/16,2.372,2.386,2.394,2.366,577.05,242253100
214,2015/12/17,2.401,2.384,2.425,2.383,914.67,380696000
215,2015/12/18,2.422,2.396,2.458,2.393,1121.43,461902400
216,2015/12/21,2.499,2.407,2.511,2.405,1655.03,668957900
217,2015/12/22,2.49,2.496,2.503,2.472,786.75,316366200
218,2015/12/23,2.499,2.49,2.545,2.485,1784.67,710997200
219,2015/12/24,2.478,2.496,2.499,2.45,958.16,387187100
220,2015/12/25,2.486,2.48,2.493,2.47,430.79,173585800
221,2015/12/28,2.412,2.487,2.495,2.408,670.22,274040600
222,2015/12/29,2.432,2.411,2.434,2.406,718.74,296946300
223,2015/12/30,2.424,2.433,2.434,2.395,664.69,275357100
224,2015/12/31,2.416,2.418,2.434,2.405,837.06,345872100
225,2016/1/4,2.278,2.411,2.413,2.271,703.76,298547000
226,2016/1/5,2.286,2.26,2.311,2.23,1473.64,645699600
227,2016/1/6,2.317,2.29,2.32,2.275,921.4,400953400
228,2016/1/7,2.177,2.286,2.286,2.165,199.85,89166900
229,2016/1/8,2.219,2.236,2.259,2.156,1279,576677000
230,2016/1/11,2.125,2.18,2.204,2.123,1370.2,633230900
231,2016/1/12,2.131,2.14,2.155,2.117,966.07,451803600
232,2016/1/13,2.112,2.153,2.165,2.11,1206.02,563080800
233,2016/1/14,2.131,2.075,2.139,2.06,1311.3,624116000
234,2016/1/15,2.07,2.12,2.131,2.06,1062.63,507111400
235,2016/1/18,2.07,2.04,2.096,2.037,807.68,389406900
236,2016/1/19,2.13,2.07,2.142,2.061,1087.73,515872600
237,2016/1/20,2.091,2.117,2.125,2.072,734.51,349411900
238,2016/1/21,2.043,2.075,2.117,2.04,715.62,343826000
239,2016/1/22,2.067,2.065,2.079,2.031,737.38,358331800
240,2016/1/25,2.065,2.07,2.078,2.054,407.44,197192900
241,2016/1/26,1.958,2.052,2.056,1.95,834.83,416763700
242,2016/1/27,1.957,1.965,1.975,1.918,1007.23,516637700
243,2016/1/28,1.915,1.943,1.968,1.906,755.06,388943700
244,2016/1/29,1.975,1.918,1.995,1.918,842.93,429217300
245,2016/2/1,1.942,1.974,1.977,1.925,421.76,216456600
246,2016/2/2,1.975,1.942,1.983,1.939,509.74,259086200
247,2016/2/3,1.953,1.955,1.962,1.932,467.51,240273000
248,2016/2/4,1.978,1.964,1.985,1.96,580.57,294364800
249,2016/2/5,1.968,1.977,1.982,1.965,548.77,278307400
250,2016/2/15,1.949,1.925,1.959,1.919,476.56,245872000
251,2016/2/16,2.001,1.956,2.006,1.955,585.03,293769900
252,2016/2/17,2.013,1.999,2.021,1.995,546.41,271890600
253,2016/2/18,2.011,2.023,2.035,2.008,424.78,210138500
254,2016/2/19,2.006,2.008,2.016,1.994,406.84,202913000
255,2016/2/22,2.054,2.024,2.065,2.015,804.27,394641300
256,2016/2/23,2.03,2.052,2.053,2.016,453.97,223369000
257,2016/2/24,2.039,2.024,2.043,2.009,600.97,296172100
258,2016/2/25,1.936,2.033,2.036,1.914,744.38,376139300
259,2016/2/26,1.956,1.946,1.966,1.93,817.82,419162200
260,2016/2/29,1.937,1.947,1.955,1.89,815.89,424699000
261,2016/3/1,1.971,1.94,1.991,1.929,665.83,340261400
262,2016/3/2,2.049,1.974,2.056,1.974,884.24,437368600
263,2016/3/3,2.053,2.044,2.061,2.035,708.32,345658100
264,2016/3/4,2.122,2.046,2.13,2.04,1369,655095800
265,2016/3/7,2.111,2.12,2.14,2.096,915.45,432579200
266,2016/3/8,2.115,2.104,2.117,2.035,873.02,421434000
267,2016/3/9,2.107,2.072,2.11,2.052,938.59,451953700
268,2016/3/10,2.059,2.084,2.106,2.055,617.77,296200900
269,2016/3/11,2.066,2.042,2.071,2.039,712.91,346669100
270,2016/3/14,2.076,2.081,2.12,2.072,683.96,326317000
271,2016/3/15,2.098,2.075,2.104,2.055,856.66,411197500
272,2016/3/16,2.135,2.085,2.141,2.082,1050.08,494151600
273,2016/3/17,2.132,2.131,2.159,2.111,815.89,381997700
274,2016/3/18,2.14,2.135,2.167,2.131,1155.12,537871100
275,2016/3/21,2.192,2.16,2.215,2.154,1546.43,706321200
276,2016/3/22,2.169,2.185,2.193,2.165,945.06,433733000
277,2016/3/23,2.171,2.164,2.186,2.154,1283.22,592352900
278,2016/3/24,2.14,2.161,2.161,2.136,727.96,339085600
279,2016/3/25,2.145,2.138,2.157,2.135,847.52,395244700
280,2016/3/28,2.121,2.152,2.168,2.117,705.45,329248200
281,2016/3/29,2.104,2.125,2.136,2.098,851.24,402609300
282,2016/3/30,2.158,2.121,2.162,2.121,754.22,351645300
283,2016/3/31,2.156,2.164,2.171,2.146,531.52,246207800
284,2016/4/1,2.165,2.152,2.166,2.116,745.36,346769800
285,2016/4/5,2.175,2.152,2.189,2.146,876.82,403300700
286,2016/4/6,2.165,2.168,2.175,2.157,475.11,219331600
287,2016/4/7,2.139,2.17,2.177,2.136,505.5,235002900
288,2016/4/8,2.124,2.128,2.134,2.112,576.54,271361800
289,2016/4/11,2.144,2.139,2.166,2.139,620.82,288228900
290,2016/4/12,2.142,2.144,2.149,2.133,379.58,177404800
291,2016/4/13,2.168,2.154,2.197,2.154,1195.9,548035400
292,2016/4/14,2.174,2.179,2.19,2.164,666.02,306183100
293,2016/4/15,2.178,2.178,2.186,2.17,664.28,305096400
294,2016/4/18,2.154,2.163,2.171,2.15,473.29,219177200
295,2016/4/19,2.161,2.167,2.17,2.153,444.33,205869500
296,2016/4/20,2.148,2.164,2.169,2.093,1225.7,575360100
297,2016/4/21,2.146,2.134,2.169,2.129,751.28,349057900
298,2016/4/22,2.156,2.133,2.159,2.121,535.25,248758200
299,2016/4/25,2.145,2.149,2.154,2.12,406.43,189835200
300,2016/4/26,2.152,2.143,2.163,2.137,375.91,174927200
301,2016/4/27,2.144,2.153,2.156,2.14,318.53,148227200
302,2016/4/28,2.142,2.145,2.154,2.131,368.03,171732100
303,2016/4/29,2.135,2.133,2.144,2.132,267.14,124887600
304,2016/5/3,2.159,2.137,2.168,2.127,544.98,252815100
305,2016/5/4,2.153,2.152,2.158,2.145,267.71,124427800
306,2016/5/5,2.151,2.145,2.152,2.143,221.44,103110900
307,2016/5/6,2.103,2.151,2.153,2.1,566.51,265843700
308,2016/5/9,2.071,2.097,2.101,2.064,716.58,344292500
309,2016/5/10,2.07,2.067,2.083,2.064,323.65,156035300
310,2016/5/11,2.077,2.076,2.09,2.067,299.41,144101000
311,2016/5/12,2.083,2.069,2.089,2.056,277.39,133679600
312,2016/5/13,2.079,2.07,2.089,2.07,195.92,94126300
313,2016/5/16,2.081,2.068,2.085,2.062,261.76,126102000
314,2016/5/17,2.077,2.082,2.087,2.069,226.68,109150600
315,2016/5/18,2.078,2.07,2.083,2.052,658.97,318851700
316,2016/5/19,2.072,2.071,2.085,2.069,171.97,82786200
317,2016/5/20,2.083,2.065,2.084,2.065,196.67,94632300
318,2016/5/23,2.084,2.084,2.099,2.079,251.86,120606200
319,2016/5/24,2.069,2.081,2.081,2.066,361.36,174428200
320,2016/5/25,2.074,2.076,2.085,2.071,245.57,118205800
321,2016/5/26,2.074,2.076,2.086,2.062,238.61,115116900
322,2016/5/27,2.078,2.075,2.084,2.07,233.45,112455000
323,2016/5/30,2.089,2.076,2.094,2.065,331.66,159108800
324,2016/5/31,2.16,2.091,2.161,2.091,1252.14,584239500
325,2016/6/1,2.142,2.16,2.162,2.142,564.5,262548500
326,2016/6/2,2.14,2.14,2.149,2.131,318.13,148701100
327,2016/6/3,2.154,2.142,2.158,2.137,446.73,208039500
328,2016/6/6,2.141,2.154,2.158,2.137,289.76,135163800
329,2016/6/7,2.143,2.145,2.15,2.14,253.44,118207700
330,2016/6/8,2.139,2.143,2.146,2.13,196.02,91726500
331,2016/6/13,2.088,2.123,2.126,2.087,537.8,254758300
332,2016/6/14,2.101,2.087,2.104,2.086,258.76,123424300
333,2016/6/15,2.109,2.08,2.122,2.077,426.94,202855700
334,2016/6/16,2.102,2.1,2.11,2.097,261.72,124370400
335,2016/6/17,2.109,2.107,2.125,2.106,458.58,216651100
336,2016/6/20,2.114,2.115,2.118,2.102,256.03,121297500
337,2016/6/21,2.112,2.119,2.141,2.11,342.25,161171900
338,2016/6/22,2.124,2.11,2.126,2.106,370.43,174876600
339,2016/6/23,2.116,2.126,2.127,2.107,211.71,100064600
340,2016/6/24,2.09,2.113,2.127,2.068,449.35,213853400
341,2016/6/27,2.111,2.09,2.112,2.087,409.06,194311700
342,2016/6/28,2.117,2.106,2.119,2.098,305.47,144945200
343,2016/6/29,2.135,2.119,2.138,2.119,406.09,190564500
344,2016/6/30,2.136,2.14,2.146,2.136,268.75,125497000
345,2016/7/1,2.142,2.142,2.149,2.141,245.45,114436200
346,2016/7/4,2.177,2.141,2.186,2.137,446.44,205683000
347,2016/7/5,2.185,2.175,2.193,2.175,377.64,172952400
348,2016/7/6,2.184,2.177,2.186,2.167,362.36,166427800
349,2016/7/7,2.189,2.182,2.196,2.174,260.93,119414600
350,2016/7/8,2.177,2.184,2.187,2.176,214.46,98380200
351,2016/7/11,2.188,2.181,2.208,2.181,290.2,132129300
352,2016/7/12,2.233,2.188,2.235,2.188,650.66,294052800
353,2016/7/13,2.236,2.237,2.266,2.233,1069.76,476477800
354,2016/7/14,2.233,2.237,2.239,2.22,552.37,247353200
355,2016/7/15,2.236,2.235,2.242,2.227,681.32,304761500
356,2016/7/18,2.228,2.235,2.247,2.227,489.7,219094500
357,2016/7/19,2.216,2.226,2.235,2.205,437.07,197132000
358,2016/7/20,2.209,2.216,2.222,2.207,292.11,131993400
359,2016/7/21,2.22,2.211,2.228,2.211,317.5,142953100
360,2016/7/22,2.2,2.218,2.222,2.199,224.64,101770100
361,2016/7/25,2.201,2.199,2.21,2.197,222.1,100801800
362,2016/7/26,2.227,2.201,2.229,2.197,424.59,191455000
363,2016/7/27,2.215,2.228,2.232,2.172,644.32,292617100
364,2016/7/28,2.211,2.203,2.218,2.193,272.78,123521600
365,2016/7/29,2.201,2.209,2.212,2.195,188.71,85580800
366,2016/8/1,2.19,2.199,2.2,2.182,318.1,145176900
367,2016/8/2,2.19,2.191,2.198,2.182,192.19,87779500
368,2016/8/3,2.188,2.188,2.193,2.181,197.29,90183500
369,2016/8/4,2.186,2.187,2.189,2.172,216.85,99411400
370,2016/8/5,2.195,2.186,2.205,2.181,244.17,111299600
371,2016/8/8,2.204,2.196,2.206,2.185,193.39,88039400
372,2016/8/9,2.221,2.201,2.223,2.201,247.52,111826900
373,2016/8/10,2.216,2.222,2.223,2.213,296.93,133866600
374,2016/8/11,2.223,2.216,2.256,2.212,587.45,262615400
375,2016/8/12,2.272,2.223,2.273,2.222,669.35,297461700
376,2016/8/15,2.336,2.276,2.368,2.273,1263.11,541252800
377,2016/8/16,2.306,2.34,2.352,2.304,1220.32,525962500
378,2016/8/17,2.3,2.308,2.321,2.291,533.49,231497000
379,2016/8/18,2.29,2.301,2.322,2.283,527.63,228985100
380,2016/8/19,2.301,2.289,2.305,2.281,357.69,155968600
381,2016/8/22,2.287,2.3,2.304,2.283,343.83,150054200
382,2016/8/23,2.29,2.288,2.307,2.282,536.8,234044700
383,2016/8/24,2.28,2.292,2.301,2.274,477.3,209121600
384,2016/8/25,2.269,2.275,2.275,2.254,423.61,186907900
385,2016/8/26,2.267,2.272,2.282,2.265,352.26,154901800
386,2016/8/29,2.265,2.267,2.269,2.254,270.83,119658900
387,2016/8/30,2.276,2.266,2.282,2.266,337.81,148651800
388,2016/8/31,2.284,2.275,2.289,2.27,442.89,194218900
389,2016/9/1,2.268,2.284,2.286,2.267,303.1,133114900
390,2016/9/2,2.279,2.268,2.28,2.265,388.87,171101500
391,2016/9/5,2.28,2.281,2.296,2.278,391.32,171372200
392,2016/9/6,2.286,2.28,2.295,2.267,386.43,169287900
393,2016/9/7,2.29,2.286,2.3,2.285,673.82,293816100
394,2016/9/8,2.29,2.287,2.292,2.284,272.69,119199500
395,2016/9/9,2.28,2.288,2.293,2.275,247.31,108119700
396,2016/9/12,2.25,2.247,2.255,2.23,774.26,345482700
397,2016/9/13,2.242,2.248,2.25,2.238,319.38,142401500
398,2016/9/14,2.229,2.234,2.238,2.225,336.26,150699800
399,2016/9/19,2.242,2.229,2.245,2.228,238.26,106391100
400,2016/9/20,2.239,2.241,2.243,2.234,180.03,80457000
401,2016/9/21,2.243,2.237,2.245,2.236,248,110712200
402,2016/9/22,2.255,2.249,2.266,2.248,317.25,140573400
403,2016/9/23,2.249,2.255,2.258,2.248,235.01,104278100
404,2016/9/26,2.222,2.245,2.246,2.22,485.13,217005500
405,2016/9/27,2.229,2.22,2.234,2.219,220.02,98802900
406,2016/9/28,2.219,2.231,2.232,2.218,265.97,119564700
407,2016/9/29,2.23,2.224,2.239,2.224,225.53,101006400
408,2016/9/30,2.235,2.225,2.238,2.225,284.91,127490500
409,2016/10/10,2.262,2.246,2.267,2.243,257.34,114135800
410,2016/10/11,2.265,2.262,2.268,2.258,301.26,133111600
411,2016/10/12,2.257,2.26,2.261,2.254,232.61,103010800
412,2016/10/13,2.257,2.254,2.263,2.254,176.96,78409700
413,2016/10/14,2.266,2.257,2.271,2.251,258.72,114417100
414,2016/10/17,2.25,2.269,2.269,2.246,274.7,121543700
415,2016/10/18,2.282,2.247,2.284,2.246,382.8,168908800
416,2016/10/19,2.279,2.282,2.288,2.276,253.2,110999200
417,2016/10/20,2.28,2.278,2.285,2.276,235.93,103505200
418,2016/10/21,2.295,2.28,2.302,2.275,407.07,177779800
419,2016/10/24,2.324,2.294,2.343,2.294,904.62,389317800
420,2016/10/25,2.319,2.325,2.328,2.315,571.57,246338200
421,2016/10/26,2.311,2.319,2.322,2.309,448.21,193468000
422,2016/10/27,2.305,2.31,2.311,2.3,400.79,173905400
423,2016/10/28,2.307,2.305,2.329,2.305,701,302805600
424,2016/10/31,2.305,2.306,2.307,2.289,285.07,124029300
425,2016/11/1,2.316,2.304,2.316,2.301,323.64,139990600
426,2016/11/2,2.3,2.311,2.312,2.298,336.17,145925000
427,2016/11/3,2.327,2.297,2.339,2.294,601.53,259471200
428,2016/11/4,2.324,2.325,2.339,2.321,305.35,131030500
429,2016/11/7,2.33,2.324,2.334,2.321,219.57,94344300
430,2016/11/8,2.338,2.336,2.351,2.33,341.37,145871800
431,2016/11/9,2.32,2.337,2.337,2.299,607.96,262233900
432,2016/11/10,2.344,2.332,2.351,2.332,408.36,174295900
433,2016/11/11,2.363,2.339,2.371,2.337,847.23,359148600
434,2016/11/14,2.374,2.358,2.395,2.356,779.99,328432200
435,2016/11/15,2.366,2.37,2.374,2.361,316.97,133944700
436,2016/11/16,2.361,2.367,2.37,2.358,318.8,134915800
437,2016/11/17,2.369,2.36,2.37,2.35,295.79,125276000
438,2016/11/18,2.363,2.37,2.378,2.358,340.72,143797100
439,2016/11/21,2.39,2.359,2.406,2.359,757.54,317160300
440,2016/11/22,2.408,2.388,2.412,2.387,641.72,266951300
441,2016/11/23,2.415,2.409,2.431,2.404,521.17,215415500
442,2016/11/24,2.425,2.411,2.436,2.409,519.41,214452900
443,2016/11/25,2.451,2.425,2.453,2.41,679.47,279737500
444,2016/11/28,2.46,2.46,2.485,2.455,665.26,269426300
445,2016/11/29,2.446,2.403,2.459,2.396,834.7,343098200
446,2016/11/30,2.419,2.439,2.449,2.411,1352.49,557196000
447,2016/12/1,2.433,2.424,2.45,2.418,841.66,345810300
448,2016/12/2,2.416,2.432,2.433,2.403,869.54,359834300
449,2016/12/5,2.373,2.392,2.393,2.364,1083.01,455702300
450,2016/12/6,2.368,2.372,2.383,2.367,483,203386400
451,2016/12/7,2.375,2.368,2.376,2.361,498.75,210462700
452,2016/12/8,2.38,2.379,2.388,2.375,548.1,230304600
453,2016/12/9,2.413,2.378,2.421,2.372,870.85,362651900
454,2016/12/12,2.386,2.412,2.426,2.366,1417.71,593485900
455,2016/12/13,2.371,2.377,2.382,2.36,824.99,347867200
456,2016/12/14,2.36,2.372,2.385,2.359,603.29,254149800
457,2016/12/15,2.308,2.353,2.355,2.273,949.25,408180400
458,2016/12/16,2.301,2.307,2.317,2.3,477.34,206936000
459,2016/12/19,2.293,2.299,2.305,2.288,465.45,202730100
460,2016/12/20,2.281,2.293,2.296,2.263,496.35,218108200
461,2016/12/21,2.298,2.284,2.307,2.284,755.61,328875100
462,2016/12/22,2.292,2.297,2.299,2.282,296.33,129338100
463,2016/12/23,2.279,2.29,2.293,2.273,362.73,158992600
464,2016/12/26,2.298,2.266,2.301,2.256,684.12,300514400
465,2016/12/27,2.289,2.297,2.304,2.287,420.15,182939300
466,2016/12/28,2.278,2.287,2.293,2.272,487.39,213765200
467,2016/12/29,2.278,2.275,2.287,2.268,488.26,214242200
468,2016/12/30,2.287,2.277,2.29,2.276,544.89,238642800
469,2017/1/3,2.307,2.285,2.314,2.285,626.33,271643200
470,2017/1/4,2.325,2.304,2.325,2.304,519.61,224378000
471,2017/1/5,2.322,2.323,2.328,2.317,383.89,165305300
472,2017/1/6,2.314,2.322,2.326,2.312,253.56,109326000
473,2017/1/9,2.319,2.312,2.324,2.308,338.29,146019100
474,2017/1/10,2.313,2.315,2.322,2.31,273.84,118209100
475,2017/1/11,2.303,2.314,2.319,2.301,416.67,180403800
476,2017/1/12,2.296,2.301,2.31,2.295,364.39,158176900
477,2017/1/13,2.31,2.295,2.317,2.293,380.9,165297400
478,2017/1/16,2.339,2.308,2.344,2.286,1011.6,436829900
479,2017/1/17,2.329,2.329,2.335,2.322,326.5,140162400
480,2017/1/18,2.344,2.328,2.352,2.328,435.82,185974200
481,2017/1/19,2.334,2.341,2.352,2.332,572.06,244189000
482,2017/1/20,2.349,2.335,2.353,2.334,432.37,184440200
483,2017/1/23,2.348,2.35,2.361,2.343,738.5,313908900
484,2017/1/24,2.354,2.349,2.356,2.345,415.92,176930500
485,2017/1/25,2.357,2.351,2.36,2.345,387.63,164728600
486,2017/1/26,2.366,2.361,2.372,2.359,464.16,196123100
487,2017/2/3,2.342,2.367,2.37,2.339,342.11,145585300
488,2017/2/6,2.343,2.345,2.351,2.336,362.76,154829900
489,2017/2/7,2.335,2.343,2.347,2.331,329.42,140896100
490,2017/2/8,2.348,2.335,2.349,2.324,393.49,168446500
491,2017/2/9,2.354,2.348,2.365,2.342,548.96,233121300
492,2017/2/10,2.366,2.356,2.372,2.355,646.49,273369500
493,2017/2/13,2.378,2.367,2.381,2.367,591.16,248831200
494,2017/2/14,2.37,2.377,2.379,2.367,335.86,141567900
495,2017/2/15,2.369,2.37,2.382,2.368,327.2,137721700
496,2017/2/16,2.372,2.369,2.376,2.366,274.57,115787500
497,2017/2/17,2.361,2.375,2.386,2.36,467.51,196865800
498,2017/2/20,2.395,2.362,2.396,2.362,963.87,404564400
499,2017/2/21,2.393,2.395,2.407,2.39,598.28,249472000
500,2017/2/22,2.396,2.393,2.398,2.388,511.39,213783900
501,2017/2/23,2.387,2.395,2.4,2.38,354.49,148392400
502,2017/2/24,2.385,2.386,2.386,2.374,605.78,254494800
503,2017/2/27,2.367,2.383,2.384,2.363,432.16,181921000
504,2017/2/28,2.368,2.366,2.377,2.362,386.53,163251000
505,2017/3/1,2.368,2.37,2.381,2.366,499.05,210357800
506,2017/3/2,2.353,2.373,2.379,2.351,341.54,144382800
507,2017/3/3,2.343,2.35,2.35,2.339,324.04,138267900
508,2017/3/6,2.349,2.344,2.354,2.341,365.9,155925900
509,2017/3/7,2.354,2.346,2.354,2.345,331.73,141233500
510,2017/3/8,2.355,2.353,2.36,2.349,266.42,113125200
511,2017/3/9,2.343,2.351,2.352,2.332,345.71,147752400
512,2017/3/10,2.335,2.341,2.344,2.335,222.24,95026000
513,2017/3/13,2.355,2.334,2.356,2.327,376.84,160616600
514,2017/3/14,2.351,2.355,2.357,2.347,183.19,77854600
515,2017/3/15,2.354,2.348,2.355,2.344,243.88,103765400
516,2017/3/16,2.369,2.361,2.376,2.36,447.01,188714100
517,2017/3/17,2.343,2.371,2.372,2.338,512.67,217350500
518,2017/3/20,2.347,2.348,2.353,2.338,233.95,99725300
519,2017/3/21,2.353,2.347,2.355,2.345,440.15,187362300
520,2017/3/22,2.336,2.345,2.349,2.329,510.06,218263200
521,2017/3/23,2.344,2.335,2.353,2.334,319,136127100
522,2017/3/24,2.364,2.346,2.371,2.341,458.19,194696600
523,2017/3/27,2.36,2.364,2.377,2.358,412.09,174001500
524,2017/3/28,2.354,2.363,2.366,2.352,393.93,167086500
525,2017/3/29,2.352,2.356,2.361,2.347,328.02,139272800
526,2017/3/30,2.343,2.351,2.356,2.335,623,265856800
527,2017/3/31,2.356,2.341,2.358,2.341,402.13,171004300
528,2017/4/5,2.382,2.366,2.383,2.363,440.03,185273100
529,2017/4/6,2.384,2.383,2.39,2.372,671.76,282008900
530,2017/4/7,2.384,2.385,2.39,2.375,369.04,154898400
531,2017/4/10,2.377,2.384,2.388,2.377,308.74,129630600
532,2017/4/11,2.378,2.374,2.383,2.354,609.63,257438800
533,2017/4/12,2.374,2.375,2.382,2.361,363.53,153067100
534,2017/4/13,2.367,2.37,2.375,2.365,416.07,175656300
535,2017/4/14,2.35,2.366,2.367,2.345,493.75,209691200
536,2017/4/17,2.353,2.348,2.356,2.337,655.27,279426200
537,2017/4/18,2.338,2.35,2.351,2.336,333.78,142334500
538,2017/4/19,2.322,2.333,2.335,2.313,805.08,346528200
539,2017/4/20,2.331,2.32,2.333,2.32,430.72,185190800
540,2017/4/21,2.341,2.332,2.346,2.33,474.89,203121100
541,2017/4/24,2.336,2.342,2.343,2.323,579.52,248721400
542,2017/4/25,2.342,2.334,2.344,2.334,408.62,174578000
543,2017/4/26,2.339,2.342,2.356,2.339,535.63,228289500
544,2017/4/27,2.344,2.336,2.347,2.326,360.52,154384900
545,2017/4/28,2.34,2.343,2.344,2.33,428.71,183458200
546,2017/5/2,2.332,2.338,2.345,2.332,191.86,82025800
547,2017/5/3,2.325,2.332,2.338,2.324,371.36,159410500
548,2017/5/4,2.32,2.324,2.33,2.314,416,179265700
549,2017/5/5,2.313,2.317,2.318,2.296,616.19,267101600
550,2017/5/8,2.318,2.307,2.32,2.298,898.77,389083300
551,2017/5/9,2.315,2.312,2.319,2.31,337.12,145651500
552,2017/5/10,2.321,2.316,2.332,2.316,596.82,256604900
553,2017/5/11,2.334,2.316,2.337,2.315,679.86,292160600
554,2017/5/12,2.37,2.331,2.37,2.331,1292.25,547967000
555,2017/5/15,2.374,2.374,2.389,2.372,429.56,180452600
556,2017/5/16,2.379,2.368,2.379,2.36,443.24,187207700
557,2017/5/17,2.358,2.375,2.378,2.357,371.26,157024900
558,2017/5/18,2.35,2.347,2.357,2.344,447.01,190121200
559,2017/5/19,2.355,2.349,2.357,2.347,328.21,139433100
560,2017/5/22,2.373,2.356,2.377,2.354,641.94,271072200
561,2017/5/23,2.403,2.37,2.404,2.37,1171.07,489723700
562,2017/5/24,2.399,2.401,2.406,2.379,678.16,283690100
563,2017/5/25,2.47,2.394,2.477,2.393,1120.06,458679000
564,2017/5/26,2.466,2.464,2.481,2.454,504.01,204268700
565,2017/5/31,2.475,2.471,2.5,2.455,601.89,242973100
566,2017/6/1,2.49,2.472,2.493,2.458,466.02,188051900
567,2017/6/2,2.47,2.49,2.494,2.466,515.9,208102000
568,2017/6/5,2.442,2.46,2.469,2.439,547.07,223613000
569,2017/6/6,2.457,2.439,2.462,2.439,636.74,259641200
570,2017/6/7,2.48,2.46,2.49,2.457,566.55,228706800
571,2017/6/8,2.501,2.478,2.506,2.471,623.4,250598200
572,2017/6/9,2.517,2.5,2.533,2.5,846.44,335854900
573,2017/6/12,2.514,2.511,2.541,2.507,605.92,240050400
574,2017/6/13,2.512,2.51,2.514,2.493,564.89,225367300
575,2017/6/14,2.482,2.51,2.51,2.479,713.1,286507900
576,2017/6/15,2.465,2.479,2.489,2.459,843.88,341763900
577,2017/6/16,2.46,2.465,2.477,2.455,597.94,242180100
578,2017/6/19,2.497,2.461,2.499,2.461,643.7,258861200
579,2017/6/20,2.483,2.5,2.506,2.478,444.68,178760900
580,2017/6/21,2.509,2.498,2.51,2.476,784.55,314425200
581,2017/6/22,2.524,2.504,2.555,2.493,1331.57,526239200
582,2017/6/23,2.543,2.519,2.544,2.508,727.61,288116900
583,2017/6/26,2.554,2.544,2.57,2.542,865.56,338375300
584,2017/6/27,2.564,2.55,2.568,2.541,798.79,313123100
585,2017/6/28,2.548,2.558,2.57,2.547,661.51,258574400
586,2017/6/29,2.565,2.551,2.566,2.544,482.83,188914600
587,2017/6/30,2.558,2.552,2.564,2.547,459.09,179664500
588,2017/7/3,2.543,2.562,2.563,2.533,448.67,176384700
589,2017/7/4,2.52,2.541,2.546,2.518,611.71,242204100
590,2017/7/5,2.563,2.519,2.566,2.518,624.56,245548200
591,2017/7/6,2.567,2.557,2.578,2.549,552.38,215517400
592,2017/7/7,2.561,2.563,2.569,2.551,609.07,238047700
593,2017/7/10,2.575,2.559,2.582,2.554,632.29,245710900
594,2017/7/11,2.604,2.573,2.625,2.572,973.48,374132100
595,2017/7/12,2.597,2.601,2.636,2.588,862.91,330030300
596,2017/7/13,2.638,2.601,2.639,2.597,833.34,317856700
597,2017/7/14,2.665,2.64,2.666,2.631,657.63,248372500
598,2017/7/17,2.669,2.668,2.705,2.637,1982.21,741421300
599,2017/7/18,2.659,2.661,2.68,2.635,1332.59,501216700
600,2017/7/19,2.702,2.66,2.703,2.659,1111.09,413717800
601,2017/7/20,2.71,2.698,2.711,2.687,1162.78,431109100
602,2017/7/21,2.68,2.7,2.704,2.676,1003.16,372423700
603,2017/7/24,2.7,2.674,2.71,2.674,840.34,311506400
604,2017/7/25,2.683,2.7,2.71,2.681,1009.06,374252500
605,2017/7/26,2.677,2.682,2.705,2.66,1232.19,460048200
606,2017/7/27,2.677,2.673,2.685,2.656,622.13,233115900
607,2017/7/28,2.68,2.673,2.686,2.665,431.09,161068300
608,2017/7/31,2.682,2.678,2.692,2.671,619.02,230753900
609,2017/8/1,2.724,2.684,2.725,2.681,851.51,314403900
610,2017/8/2,2.728,2.725,2.742,2.72,903.4,330842400
611,2017/8/3,2.689,2.724,2.737,2.689,1177.03,433976800
612,2017/8/4,2.671,2.687,2.699,2.67,603.19,224558900
613,2017/8/7,2.679,2.667,2.689,2.659,518.28,193812000
614,2017/8/8,2.682,2.679,2.686,2.666,388.38,145122600
615,2017/8/9,2.664,2.678,2.68,2.662,544.4,203857900
616,2017/8/10,2.655,2.663,2.682,2.636,923.92,347841200
617,2017/8/11,2.613,2.639,2.647,2.61,858.94,327199900
618,2017/8/14,2.635,2.618,2.644,2.613,900.23,342343700
619,2017/8/15,2.651,2.638,2.668,2.635,935.92,352219300
620,2017/8/16,2.64,2.646,2.649,2.631,469.58,177978200
621,2017/8/17,2.652,2.643,2.655,2.637,377.44,142533600
622,2017/8/18,2.664,2.644,2.67,2.641,736.44,277155900
623,2017/8/21,2.663,2.666,2.679,2.656,613.9,230313400
624,2017/8/22,2.689,2.668,2.69,2.663,1069.24,399565700
625,2017/8/23,2.708,2.689,2.721,2.686,820.92,303389100
626,2017/8/24,2.698,2.709,2.724,2.69,662.8,245009900
627,2017/8/25,2.757,2.697,2.759,2.695,1341.03,489901400
628,2017/8/28,2.788,2.765,2.818,2.765,1551.72,555476900
629,2017/8/29,2.789,2.786,2.797,2.777,980.88,351996900
630,2017/8/30,2.774,2.788,2.813,2.771,1019.24,364944000
631,2017/8/31,2.766,2.778,2.787,2.753,1615.41,584238400
632,2017/9/1,2.76,2.765,2.785,2.752,1119.58,404497000
633,2017/9/4,2.764,2.758,2.766,2.745,818.3,296871500
634,2017/9/5,2.782,2.763,2.793,2.763,881.64,317520300
635,2017/9/6,2.764,2.775,2.778,2.757,855.41,309192000
636,2017/9/7,2.743,2.767,2.772,2.74,737.85,267544300
637,2017/9/8,2.738,2.744,2.753,2.73,522.8,190675100
638,2017/9/11,2.73,2.744,2.762,2.726,1059.5,386436000
639,2017/9/12,2.746,2.735,2.749,2.726,1036.49,378796100
640,2017/9/13,2.739,2.744,2.746,2.73,840.99,307060600
641,2017/9/14,2.722,2.74,2.746,2.715,762.81,279469600
642,2017/9/15,2.722,2.721,2.729,2.711,710.08,261055100
643,2017/9/18,2.729,2.724,2.747,2.724,875.34,319970700
644,2017/9/19,2.72,2.731,2.738,2.71,843.08,309547000
645,2017/9/20,2.717,2.718,2.727,2.712,601.11,221019500
646,2017/9/21,2.728,2.716,2.743,2.712,752.93,276095000
647,2017/9/22,2.729,2.723,2.737,2.714,748.26,274585100
648,2017/9/25,2.729,2.722,2.733,2.717,939.97,344747300
649,2017/9/26,2.731,2.727,2.735,2.724,679.93,248984500
650,2017/9/27,2.711,2.73,2.73,2.71,1762.19,648228100
651,2017/9/28,2.715,2.711,2.716,2.704,720.84,265998900
652,2017/9/29,2.726,2.717,2.735,2.716,1285.13,470840300
653,2017/10/9,2.75,2.788,2.799,2.743,1594.74,575367200
654,2017/10/10,2.746,2.749,2.764,2.728,1630.41,595061500
655,2017/10/11,2.762,2.747,2.768,2.746,919.22,333377200
656,2017/10/12,2.773,2.76,2.777,2.754,563.16,203575400
657,2017/10/13,2.771,2.772,2.775,2.766,448.53,161877100
658,2017/10/16,2.781,2.77,2.793,2.77,870.27,312720400
659,2017/10/17,2.779,2.78,2.786,2.772,673.85,242466300
660,2017/10/18,2.802,2.779,2.805,2.777,1880.16,673569900
661,2017/10/19,2.806,2.801,2.807,2.797,918.44,327686400
662,2017/10/20,2.79,2.8,2.8,2.788,510.15,182730200
663,2017/10/23,2.791,2.795,2.798,2.783,664.9,238330500
664,2017/10/24,2.806,2.785,2.813,2.785,1560.12,556614500
665,2017/10/25,2.802,2.805,2.809,2.798,1009.11,359967900
666,2017/10/26,2.827,2.808,2.843,2.804,1472.2,521254400
667,2017/10/27,2.873,2.827,2.874,2.823,949.4,333263000
668,2017/10/30,2.861,2.871,2.876,2.835,1484.35,520035100
669,2017/10/31,2.851,2.852,2.852,2.84,620.79,218165900
670,2017/11/1,2.842,2.851,2.87,2.836,1078.67,378125400
671,2017/11/2,2.847,2.838,2.848,2.827,1163.06,410226700
672,2017/11/3,2.851,2.844,2.855,2.826,1567.6,551914900
673,2017/11/6,2.843,2.846,2.848,2.83,810.44,285482600
674,2017/11/7,2.875,2.843,2.883,2.843,1784.29,621831900
675,2017/11/8,2.874,2.874,2.899,2.867,1644.91,571053300
676,2017/11/9,2.885,2.871,2.886,2.865,1226.91,426942900
677,2017/11/10,2.918,2.883,2.922,2.88,1847.85,637270300
678,2017/11/13,2.928,2.921,2.939,2.918,876.12,299033200
679,2017/11/14,2.913,2.929,2.935,2.91,1376.85,471873300
680,2017/11/15,2.901,2.906,2.917,2.896,1505.45,518572000
681,2017/11/16,2.932,2.895,2.935,2.893,1257.6,431172500
682,2017/11/17,2.99,2.925,2.993,2.923,2723.06,921009000
683,2017/11/20,2.996,2.977,2.996,2.953,1778.11,598059200
684,2017/11/21,3.046,2.985,3.071,2.981,2454.63,807246400
685,2017/11/22,3.067,3.055,3.094,3.046,2002.28,652107900
686,2017/11/23,2.991,3.062,3.076,2.968,3061.42,1010756600
687,2017/11/24,2.99,2.987,3.004,2.963,1771.68,594197300
688,2017/11/27,2.966,2.983,2.989,2.939,2053.79,693788600
689,2017/11/28,2.896,2.909,2.91,2.876,1472.22,508575000
690,2017/11/29,2.89,2.903,2.915,2.858,1167.16,404488200
691,2017/11/30,2.858,2.88,2.898,2.85,1825.47,635741900
692,2017/12/1,2.838,2.86,2.867,2.832,1320.22,463945600
693,2017/12/4,2.858,2.828,2.868,2.82,837.78,293800200
694,2017/12/5,2.908,2.85,2.92,2.847,2581.14,892369900
695,2017/12/6,2.871,2.899,2.899,2.843,1340.23,466055600
696,2017/12/7,2.844,2.87,2.877,2.826,1699.3,597012200
697,2017/12/8,2.865,2.839,2.874,2.832,1395.79,489059600
698,2017/12/11,2.898,2.865,2.899,2.856,1114.82,387045900
699,2017/12/12,2.846,2.896,2.902,2.845,1133.77,394161800
700,2017/12/13,2.87,2.85,2.878,2.836,1552.97,543399400
701,2017/12/14,2.85,2.87,2.878,2.842,1303.63,456691400
702,2017/12/15,2.816,2.843,2.848,2.814,1279.88,452294100
703,2017/12/18,2.828,2.815,2.843,2.815,1290.56,456137100
704,2017/12/19,2.87,2.829,2.871,2.828,1482.03,518890600
705,2017/12/20,2.876,2.87,2.885,2.861,1169.43,407217200
706,2017/12/21,2.893,2.87,2.908,2.86,1661.2,574287600
707,2017/12/22,2.878,2.887,2.898,2.874,1184.15,410117100
708,2017/12/25,2.876,2.877,2.914,2.866,1457.67,504269800
709,2017/12/26,2.893,2.877,2.897,2.866,1420.35,492768100
710,2017/12/27,2.834,2.888,2.893,2.827,2450.85,858237700
711,2017/12/28,2.855,2.838,2.87,2.829,1288.13,451675700
712,2017/12/29,2.858,2.858,2.874,2.848,783.34,274105700
713,2018/1/2,2.907,2.864,2.909,2.862,1383.49,477697000
714,2018/1/3,2.912,2.909,2.945,2.906,1668.82,570874300
715,2018/1/4,2.919,2.913,2.932,2.909,900.35,308413100
716,2018/1/5,2.933,2.921,2.938,2.916,942.53,322008800
717,2018/1/8,2.944,2.927,2.951,2.925,918.49,312553100
718,2018/1/9,2.97,2.942,2.97,2.941,916.68,309711200
719,2018/1/10,2.994,2.967,2.996,2.96,1423.99,477905700
720,2018/1/11,2.991,2.988,3.005,2.979,965.22,322739300
721,2018/1/12,3.018,2.991,3.02,2.991,957.66,318776200
722,2018/1/15,3.043,3.021,3.065,3.018,1781.83,585266700
723,2018/1/16,3.064,3.036,3.065,3.034,1432.99,470250200
724,2018/1/17,3.071,3.064,3.127,3.055,2590.2,838391600
725,2018/1/18,3.106,3.09,3.122,3.082,1898.9,612352400
726,2018/1/19,3.113,3.116,3.14,3.096,2397.93,767921200
727,2018/1/22,3.129,3.103,3.139,3.092,1899.51,608078300
728,2018/1/23,3.173,3.137,3.175,3.137,2953.64,935563900
729,2018/1/24,3.172,3.184,3.195,3.146,2699.44,849642600
730,2018/1/25,3.15,3.165,3.171,3.121,2022.42,642486900
731,2018/1/26,3.171,3.145,3.195,3.141,1895.13,597438000
732,2018/1/29,3.114,3.181,3.193,3.103,2340.13,741525800
733,2018/1/30,3.075,3.106,3.124,3.072,1394.19,450105800
734,2018/1/31,3.113,3.064,3.117,3.062,1775.47,573769300
735,2018/2/1,3.134,3.115,3.136,3.096,2186.6,701066600
736,2018/2/2,3.145,3.11,3.148,3.076,2272.22,729215700
737,2018/2/5,3.18,3.106,3.181,3.099,2594.43,826498100
738,2018/2/6,3.11,3.131,3.146,3.089,5384.71,1729886000
739,2018/2/7,3.023,3.142,3.162,3.013,4266.53,1388927400
740,2018/2/8,2.939,3,3.016,2.907,3578.9,1206013400
741,2018/2/9,2.803,2.851,2.878,2.713,5148.85,1848601400
742,2018/2/12,2.8,2.801,2.822,2.77,2193.23,782889700
743,2018/2/13,2.848,2.829,2.884,2.828,1723.68,603550400
744,2018/2/14,2.866,2.856,2.873,2.837,741.46,259654900
745,2018/2/22,2.925,2.907,2.939,2.894,1059.21,363241000
746,2018/2/23,2.955,2.934,2.962,2.924,1032.84,351074400
747,2018/2/26,2.965,2.97,2.989,2.927,1927.92,651191400
748,2018/2/27,2.92,2.973,2.976,2.912,1873.45,638534200
749,2018/2/28,2.871,2.898,2.902,2.858,1741.07,604360900
750,2018/3/1,2.884,2.852,2.904,2.849,1298.81,450512800
751,2018/3/2,2.856,2.862,2.884,2.846,980.55,342488500
752,2018/3/5,2.855,2.858,2.889,2.837,1385.44,484454000
753,2018/3/6,2.888,2.875,2.889,2.83,1525.24,532161500
754,2018/3/7,2.871,2.888,2.917,2.859,2001.64,692903500
755,2018/3/8,2.893,2.873,2.898,2.86,975.05,338225400
756,2018/3/9,2.903,2.9,2.913,2.885,1205.02,415786400
757,2018/3/12,2.905,2.916,2.923,2.894,1524.12,524250900
758,2018/3/13,2.873,2.906,2.916,2.869,1764.29,611026300
759,2018/3/14,2.863,2.864,2.874,2.853,881.51,307910900
760,2018/3/15,2.89,2.856,2.891,2.852,958.41,332744800
761,2018/3/16,2.862,2.891,2.905,2.861,1239.77,429644100
762,2018/3/19,2.892,2.863,2.893,2.85,1201.76,418328200
763,2018/3/20,2.895,2.876,2.901,2.871,892.92,309561300
764,2018/3/21,2.884,2.92,2.924,2.871,1273.67,438675300
765,2018/3/22,2.857,2.885,2.898,2.842,1279.92,446800000
766,2018/3/23,2.781,2.78,2.794,2.743,1824.96,657713900
767,2018/3/26,2.734,2.764,2.768,2.702,1683.04,615811700
768,2018/3/27,2.739,2.765,2.774,2.717,1631.77,594417600
769,2018/3/28,2.688,2.71,2.74,2.678,1838.41,680253200
770,2018/3/29,2.734,2.692,2.753,2.651,1905.71,705585600
771,2018/3/30,2.713,2.733,2.735,2.708,1414.04,519739800
772,2018/4/2,2.702,2.71,2.751,2.695,1550.31,570173000
773,2018/4/3,2.693,2.682,2.708,2.676,1109.47,412659000
774,2018/4/4,2.694,2.702,2.725,2.688,1153.93,426019000
775,2018/4/9,2.711,2.698,2.716,2.683,1205.29,445749800
776,2018/4/10,2.775,2.713,2.776,2.705,1911.89,698182800
777,2018/4/11,2.775,2.775,2.795,2.761,1952.37,702535300
778,2018/4/12,2.742,2.775,2.778,2.74,1277.06,462988700
779,2018/4/13,2.717,2.755,2.764,2.714,1199.49,438486300
780,2018/4/16,2.655,2.708,2.718,2.65,1834.64,686090500
